<svg width="200" height="45" viewBox="0 0 200 45" fill="none" xmlns="http://www.w3.org/2000/svg">
    <g clip-path="url(#clip0_63238_314)">
        <path d="M24.5685 10.0884C23.9639 10.0884 23.4368 9.8686 22.982 9.42906C22.5479 8.9686 22.3308 8.43488 22.3308 7.82267C22.3308 7.21046 22.5479 6.67674 22.982 6.21627C23.4368 5.75581 23.9639 5.53081 24.5685 5.53081C25.1732 5.53081 25.721 5.76104 26.1551 6.21627C26.6099 6.67674 26.8321 7.21046 26.8321 7.82267C26.8321 8.43488 26.6047 8.9686 26.1551 9.42906C25.721 9.8686 25.1939 10.0884 24.5685 10.0884ZM22.7546 26.1366V11.8099H26.4032V26.1366H22.7546Z" fill="#06ADEF"/>
        <path d="M44.8939 11.407C46.5167 11.407 47.8087 11.9407 48.7699 13.0134C49.7518 14.0808 50.2428 15.5145 50.2428 17.3145V26.1419H46.589V17.5709C46.589 16.7128 46.3823 16.043 45.9637 15.5669C45.5503 15.0907 44.9663 14.85 44.2118 14.85C43.3797 14.85 42.7286 15.1273 42.2583 15.682C41.8035 16.2366 41.5813 17.0372 41.5813 18.089V26.1419H37.9327V17.5709C37.9327 16.7128 37.726 16.043 37.3125 15.5669C36.8991 15.0907 36.31 14.85 35.5554 14.85C34.7441 14.85 34.0929 15.1273 33.602 15.682C33.1317 16.2366 32.8939 17.0372 32.8939 18.089V26.1419H29.2454V11.8151H32.8939V13.3326C33.7415 12.0506 35.0542 11.4122 36.8268 11.4122C38.5994 11.4122 39.8448 12.0977 40.6769 13.4738C41.6226 12.0977 43.0283 11.4122 44.8939 11.4122V11.407Z" fill="#06ADEF"/>
        <path d="M61.0697 11.407C62.9767 11.407 64.5994 12.1448 65.9379 13.6151C67.2971 15.0645 67.9741 16.8541 67.9741 18.9733C67.9741 21.0924 67.2919 22.8872 65.9379 24.3628C64.5994 25.8122 62.9767 26.5395 61.0697 26.5395C59.1627 26.5395 57.5607 25.8436 56.4857 24.4465V31.8663H52.8372V11.8047H56.4857V13.4948C57.5607 12.0977 59.0904 11.4017 61.0697 11.4017V11.407ZM57.5865 21.8983C58.3204 22.6413 59.2558 23.018 60.3876 23.018C61.5193 23.018 62.4547 22.6465 63.1886 21.8983C63.9431 21.1343 64.3204 20.161 64.3204 18.9733C64.3204 17.7855 63.9431 16.8227 63.1886 16.0797C62.4547 15.3157 61.5193 14.9337 60.3876 14.9337C59.2558 14.9337 58.3204 15.3157 57.5865 16.0797C56.8527 16.8227 56.4806 17.7907 56.4806 18.9733C56.4806 20.1558 56.8475 21.1343 57.5865 21.8983Z" fill="#06ADEF"/>
        <path d="M70.0413 26.1366V5.21686H73.695V26.1366H70.0413Z" fill="#06ADEF"/>
        <path d="M85.7518 11.8099H89.6588L84.5064 26.1366C83.7725 28.1983 82.7906 29.6895 81.5606 30.6052C80.3513 31.5419 78.8423 31.9605 77.0335 31.8663V28.4285C78.0154 28.4494 78.7906 28.2401 79.3539 27.8006C79.9379 27.3611 80.403 26.6547 80.7389 25.6814L74.9353 11.8099H78.925L82.6046 21.4378L85.7467 11.8099H85.7518Z" fill="#06ADEF"/>
        <path d="M103.028 15.7343C104.765 16.7494 105.633 18.2773 105.633 20.318C105.633 22.0186 105.039 23.4105 103.85 24.5041C102.661 25.5924 101.199 26.1366 99.4625 26.1366H91.0542V6.075H98.8682C100.568 6.075 101.99 6.60872 103.142 7.68139C104.31 8.73314 104.899 10.0779 104.899 11.7209C104.899 13.364 104.274 14.7192 103.028 15.7343ZM98.8682 9.77442H94.9612V14.1855H98.8682C99.4728 14.1855 99.9741 13.9762 100.367 13.5576C100.78 13.139 100.992 12.6105 100.992 11.9826C100.992 11.3546 100.796 10.8262 100.398 10.4076C99.9999 9.98895 99.4935 9.77965 98.8682 9.77965V9.77442ZM99.4625 22.4424C100.124 22.4424 100.672 22.2227 101.106 21.7831C101.54 21.3227 101.757 20.7523 101.757 20.0616C101.757 19.3709 101.54 18.8372 101.106 18.3977C100.672 17.9372 100.124 17.7122 99.4625 17.7122H94.9612V22.4424H99.4625Z" fill="#06ADEF"/>
        <path d="M119.788 24.3628C118.336 25.8122 116.563 26.5395 114.465 26.5395C112.367 26.5395 110.599 25.8122 109.142 24.3628C107.711 22.8924 106.992 21.0977 106.992 18.9733C106.992 16.8488 107.711 15.0645 109.142 13.6151C110.594 12.1448 112.367 11.407 114.465 11.407C116.563 11.407 118.336 12.1448 119.788 13.6151C121.24 15.0645 121.969 16.8541 121.969 18.9733C121.969 21.0924 121.245 22.8872 119.788 24.3628ZM111.721 21.8093C112.455 22.5523 113.369 22.9291 114.465 22.9291C115.561 22.9291 116.475 22.5576 117.209 21.8093C117.943 21.0663 118.31 20.1192 118.31 18.9733C118.31 17.8273 117.943 16.8802 117.209 16.1372C116.475 15.3942 115.555 15.0174 114.465 15.0174C113.375 15.0174 112.455 15.389 111.721 16.1372C111.003 16.8802 110.646 17.8273 110.646 18.9733C110.646 20.1192 111.003 21.0663 111.721 21.8093Z" fill="#06ADEF"/>
        <path d="M136.083 24.3628C134.631 25.8122 132.858 26.5395 130.76 26.5395C128.662 26.5395 126.894 25.8122 125.437 24.3628C124 22.8924 123.287 21.0977 123.287 18.9733C123.287 16.8488 124.005 15.0645 125.437 13.6151C126.889 12.1448 128.662 11.407 130.76 11.407C132.858 11.407 134.625 12.1448 136.083 13.6151C137.535 15.0645 138.264 16.8541 138.264 18.9733C138.264 21.0924 137.54 22.8872 136.083 24.3628ZM128.021 21.8093C128.755 22.5523 129.669 22.9291 130.765 22.9291C131.861 22.9291 132.775 22.5576 133.509 21.8093C134.243 21.0663 134.615 20.1192 134.615 18.9733C134.615 17.8273 134.248 16.8802 133.509 16.1372C132.775 15.3942 131.855 15.0174 130.765 15.0174C129.674 15.0174 128.755 15.389 128.021 16.1372C127.302 16.8802 126.946 17.8273 126.946 18.9733C126.946 20.1192 127.302 21.0663 128.021 21.8093Z" fill="#06ADEF"/>
        <path d="M153.369 26.1366H149.121L143.969 19.6326V26.1366H140.32V6.075H143.969V18.1099L148.837 11.8046H153.194L147.504 18.8843L153.364 26.1366H153.369Z" fill="#06ADEF"/>
        <path fill-rule="evenodd" clip-rule="evenodd" d="M20.3515 19.957C20.5324 22.2907 19.3903 24.4413 17.7675 25.7913C15.9639 27.2669 13.504 27.9419 11.2197 27.9419L19.3903 16.2733C19.8709 17.5029 20.3515 18.7901 20.3515 19.957Z" fill="#06ADEF"/>
        <path d="M7.79323 10.1302C8.93534 10.8052 10.3772 11.4802 11.695 11.7889L13.4987 12.464L15.7829 13.3221L21.1266 8.34593L7.13173 28.6116L0.28418 22.4686L3.88625 18.7849L7.13173 21.7936L11.9948 16.943C11.1524 16.7599 10.372 16.4512 9.41079 16.0849C7.73121 15.6244 5.94309 14.8448 4.3462 13.9448C4.11881 13.814 3.90175 13.6674 3.71054 13.4895C2.26868 12.15 1.43147 10.2924 1.54516 8.22035C1.54516 5.88663 2.38754 3.86163 4.12914 2.38604C5.80873 0.973254 7.9741 0.298254 10.1963 0.298254C13.6175 0.115115 17.0439 1.95697 18.8475 4.9657L15.1214 8.775C14.279 6.75 12.3565 5.45756 10.0775 5.45756C8.09297 5.45756 6.83198 6.44128 6.83198 8.1C6.83198 8.95814 7.13173 9.63314 7.79323 10.125V10.1302Z" fill="#06ADEF"/>
        <path d="M158.941 25.7913C158.47 26.2674 157.902 26.5081 157.24 26.5081C156.579 26.5081 156.015 26.2674 155.54 25.7913C155.07 25.3151 154.832 24.7395 154.832 24.0698C154.832 23.4 155.07 22.8296 155.54 22.3483C156.01 21.8721 156.579 21.6314 157.24 21.6314C157.902 21.6314 158.465 21.8721 158.941 22.3483C159.411 22.8244 159.649 23.4 159.649 24.0698C159.649 24.7395 159.411 25.3099 158.941 25.7913Z" fill="#253246"/>
        <path d="M177.835 11.407C179.457 11.407 180.749 11.9407 181.711 13.0134C182.693 14.0808 183.184 15.5145 183.184 17.3093V26.1366H179.53V17.5657C179.53 16.7076 179.323 16.0378 178.91 15.5616C178.496 15.0855 177.912 14.8448 177.153 14.8448C176.32 14.8448 175.669 15.1221 175.199 15.6767C174.744 16.2314 174.517 17.032 174.517 18.0837V26.1366H170.868V17.5657C170.868 16.7076 170.662 16.0378 170.243 15.5616C169.83 15.0855 169.246 14.8448 168.486 14.8448C167.674 14.8448 167.023 15.1221 166.532 15.6767C166.062 16.2314 165.824 17.032 165.824 18.0837V26.1366H162.176V11.8099H165.824V13.3273C166.672 12.0454 167.985 11.407 169.757 11.407C171.53 11.407 172.775 12.0924 173.607 13.4686C174.553 12.0924 175.959 11.407 177.824 11.407H177.835Z" fill="#253246"/>
        <path d="M188.858 20.4907C189.349 22.2855 190.677 23.1855 192.848 23.1855C194.243 23.1855 195.302 22.7093 196.016 21.7518L198.961 23.4733C197.566 25.5192 195.509 26.5395 192.791 26.5395C190.45 26.5395 188.574 25.8227 187.158 24.389C185.742 22.9552 185.034 21.15 185.034 18.9733C185.034 16.7965 185.731 15.0174 187.127 13.5837C188.522 12.1343 190.315 11.407 192.501 11.407C194.579 11.407 196.284 12.1343 197.623 13.5837C198.982 15.0331 199.659 16.8331 199.659 18.9733C199.659 19.4494 199.613 19.957 199.519 20.4907H188.848H188.858ZM188.801 17.6233H196.021C195.814 16.65 195.38 15.9227 194.718 15.4465C194.078 14.9704 193.339 14.7297 192.512 14.7297C191.53 14.7297 190.718 14.9861 190.078 15.5041C189.437 16.0012 189.013 16.7076 188.806 17.6233H188.801Z" fill="#253246"/>
        <path fill-rule="evenodd" clip-rule="evenodd" d="M160.439 42.7814C160.439 43.1424 160.734 43.4407 161.096 43.4407H162.186V39.0297C162.186 38.4959 162.31 38.1035 162.553 37.8523C163.07 37.3552 163.881 37.3552 164.398 37.8523C164.656 38.0878 164.791 38.4802 164.791 39.0297V43.4407H165.814C166 43.4407 166.176 43.3674 166.31 43.2366C166.444 43.1006 166.512 42.9279 166.512 42.7395V39.0349C166.512 38.5012 166.63 38.1087 166.878 37.8576C167.132 37.6116 167.468 37.4756 167.819 37.4913C168.165 37.4808 168.501 37.6116 168.744 37.8576C168.977 38.093 169.09 38.4855 169.09 39.0349V42.75C169.085 42.9436 169.158 43.132 169.297 43.268C169.437 43.4041 169.617 43.4826 169.809 43.4773H170.832V39.1448C170.832 37.0413 169.902 35.9895 168.041 35.9895C166.842 35.9895 166.036 36.4709 165.638 37.4337C165.23 36.4709 164.418 35.9895 163.22 35.9895C161.359 35.9895 160.434 37.0413 160.434 39.1448V42.7919H160.429L160.439 42.7814ZM198.114 39.0087C198.114 38.789 198.072 38.5797 198.01 38.3704C197.886 37.9622 197.586 37.6273 197.189 37.4599C196.956 37.3605 196.703 37.3081 196.45 37.3134C195.959 37.3029 195.483 37.4704 195.116 37.7895C194.749 38.0983 194.527 38.5483 194.501 39.0297L198.114 39.0087ZM199.876 40.0395V39.8093L199.855 39.7884C199.866 39.2285 199.783 38.6738 199.607 38.1401C199.452 37.6954 199.209 37.2872 198.889 36.9471C198.594 36.6279 198.227 36.382 197.819 36.225C197.385 36.0628 196.925 35.9895 196.465 35.9948C195.969 35.9895 195.473 36.0837 195.008 36.2616C194.103 36.607 193.395 37.3186 193.039 38.2238C192.842 38.7157 192.744 39.239 192.754 39.7727C192.749 40.3012 192.842 40.8297 193.039 41.3215C193.22 41.7611 193.488 42.1535 193.84 42.4779C194.186 42.7971 194.589 43.043 195.028 43.2C195.509 43.3727 196.015 43.4564 196.527 43.4459C197.855 43.4459 198.858 42.975 199.54 42.0436L198.863 41.5099C198.605 41.3058 198.232 41.3163 197.979 41.5308C197.866 41.625 197.742 41.7087 197.612 41.7767C197.271 41.9494 196.889 42.0331 196.506 42.0227C196.253 42.0227 196.005 41.9704 195.767 41.8762C195.545 41.7924 195.338 41.6773 195.152 41.5256C194.971 41.3686 194.827 41.1802 194.723 40.9657C194.61 40.7512 194.543 40.5262 194.517 40.2855H199.85C199.86 40.207 199.871 40.1233 199.871 40.0448L199.876 40.0395ZM148.723 39.0087C148.723 38.789 148.682 38.5797 148.62 38.3704C148.496 37.9518 148.196 37.6116 147.798 37.4442C147.571 37.3552 147.323 37.3081 147.08 37.3238C146.584 37.3081 146.098 37.4756 145.726 37.8C145.354 38.1087 145.137 38.5587 145.106 39.0401L148.723 39.014V39.0087ZM150.506 40.0395V39.8093L150.47 39.7884C150.481 39.2285 150.398 38.6738 150.222 38.1401C150.072 37.7006 149.835 37.2924 149.524 36.9471C149.22 36.6279 148.847 36.382 148.439 36.225C148.005 36.0628 147.545 35.9895 147.085 35.9948C146.589 35.9895 146.093 36.0837 145.628 36.2616C144.723 36.607 144.015 37.3186 143.659 38.2238C143.462 38.7157 143.364 39.239 143.375 39.7727C143.369 40.3012 143.462 40.8297 143.659 41.3215C143.84 41.7611 144.108 42.1535 144.46 42.4779C144.806 42.7971 145.209 43.043 145.648 43.2C146.129 43.3727 146.636 43.4564 147.147 43.4459C148.486 43.4459 149.499 42.975 150.186 42.0436L149.509 41.5099C149.251 41.3058 148.878 41.3163 148.625 41.5308C148.517 41.625 148.398 41.7087 148.279 41.7767C147.933 41.9547 147.54 42.0384 147.147 42.0227C146.894 42.0227 146.646 41.9704 146.408 41.8762C146.186 41.7924 145.979 41.6773 145.793 41.5256C145.612 41.3686 145.468 41.1802 145.364 40.9657C145.251 40.7512 145.183 40.5262 145.158 40.2855H150.491C150.491 40.207 150.506 40.1233 150.506 40.0448V40.0395ZM183.685 43.4407H182.636C182.248 43.4407 181.938 43.1268 181.938 42.7395V34.4302C181.948 34.0483 182.258 33.75 182.636 33.75H183.685V43.4407ZM186.579 39.982V36H185.555C185.178 36 184.868 36.3035 184.858 36.6802V39.982C184.858 41.0285 185.132 41.8657 185.679 42.4988C186.222 43.132 187.08 43.4459 188.243 43.4459C189.406 43.4459 190.238 43.1268 190.791 42.4988C191.338 41.8657 191.612 41.0285 191.612 39.982V36H189.866V39.982C189.866 41.2692 189.318 41.918 188.222 41.918C187.127 41.918 186.584 41.2692 186.584 39.982H186.579ZM140.351 41.7087C140.537 41.9128 141.07 41.8919 141.421 41.8081L141.4 41.8291C141.607 41.7611 141.835 41.8029 142.015 41.9285C142.243 42.1587 142.263 42.5669 142.181 42.8547C142.145 43.0012 142.057 43.132 141.933 43.2209C141.809 43.2994 141.669 43.3413 141.524 43.3674L141.338 43.4041C140.842 43.4878 140.336 43.4564 139.86 43.3047C139.504 43.1948 139.178 42.975 138.935 42.6872C138.527 42.164 138.32 41.3529 138.32 40.2541V33.7448H139.344C139.53 33.7395 139.705 33.8076 139.845 33.9331C139.979 34.064 140.062 34.2366 140.067 34.425V36.0105H142.021V37.3291H140.067V40.4634C140.067 41.0913 140.165 41.4994 140.356 41.7087H140.351Z" fill="#011A32"/>
        <path d="M173.116 44.5762C173.742 44.5762 174.248 44.0686 174.248 43.4407C174.248 42.8128 173.742 42.3052 173.116 42.3052C172.491 42.3052 171.985 42.8128 171.985 43.4407C171.985 44.0686 172.491 44.5762 173.116 44.5762Z" fill="#17ACE3"/>
        <path fill-rule="evenodd" clip-rule="evenodd" d="M178.496 41.2587C178.672 41.0337 178.806 40.7826 178.889 40.5157H178.868C178.946 40.2541 178.992 39.9872 178.992 39.7099C178.992 39.4326 178.951 39.15 178.868 38.8831C178.791 38.6163 178.667 38.3651 178.501 38.1401C178.336 37.9256 178.124 37.7477 177.881 37.6273C177.602 37.486 177.292 37.4128 176.977 37.4233C176.677 37.418 176.382 37.4913 176.119 37.6273C175.866 37.7634 175.643 37.9465 175.463 38.161C175.282 38.3756 175.142 38.6163 175.054 38.8831C174.966 39.15 174.93 39.4326 174.935 39.7099C174.93 39.9872 174.972 40.2698 175.054 40.5366C175.147 40.7983 175.287 41.0442 175.463 41.2587C175.643 41.4733 175.871 41.6512 176.119 41.7715C176.677 42.0436 177.323 42.0436 177.881 41.7715C178.119 41.6407 178.336 41.468 178.501 41.2587H178.496ZM156.972 41.2744C157.152 41.0599 157.292 40.8192 157.38 40.5523C157.473 40.2907 157.525 40.0134 157.525 39.7256C157.525 39.4378 157.473 39.1657 157.38 38.8988C157.287 38.6372 157.147 38.3913 156.972 38.1767C156.791 37.9622 156.563 37.7843 156.315 37.664C155.757 37.3919 155.106 37.3919 154.553 37.664C154.315 37.7948 154.109 37.9674 153.938 38.1767C153.773 38.4017 153.643 38.6529 153.571 38.9198C153.494 39.1814 153.452 39.4483 153.452 39.7256C153.447 40.0029 153.478 40.2855 153.556 40.5523C153.643 40.8244 153.783 41.0756 153.964 41.2953C154.129 41.5099 154.341 41.6878 154.579 41.8081C154.853 41.9494 155.158 42.0227 155.463 42.0122C155.762 42.0174 156.057 41.9442 156.32 41.8081C156.568 41.6721 156.796 41.4942 156.977 41.2744H156.972ZM158.982 38.2291C159.189 38.7052 159.292 39.218 159.292 39.736V43.2419H158.186C158.01 43.2419 157.84 43.1686 157.711 43.043C157.592 42.9122 157.519 42.7395 157.525 42.5616V42.4779H157.483C157.38 42.5878 157.256 42.6977 157.137 42.7866C156.982 42.907 156.817 43.0116 156.646 43.0953C156.419 43.2 156.191 43.2837 155.948 43.3413C155.654 43.4041 155.364 43.4302 155.065 43.425C154.129 43.4355 153.235 43.043 152.599 42.3523C152.289 42.0122 152.057 41.6093 151.902 41.175C151.736 40.7093 151.654 40.2279 151.654 39.7308C151.649 39.218 151.742 38.7052 151.938 38.2238C152.119 37.7791 152.393 37.3709 152.739 37.0308C153.096 36.6959 153.514 36.4395 153.969 36.2669C154.93 35.9006 155.985 35.9006 156.946 36.2669C157.395 36.4395 157.804 36.6959 158.16 37.0308C158.517 37.3762 158.796 37.7843 158.987 38.2343L158.982 38.2291ZM180.527 38.2448C180.372 37.8052 180.134 37.3971 179.829 37.0517C179.194 36.3663 178.3 35.9843 177.364 36C177.065 36 176.775 36.0262 176.481 36.0837C176.248 36.136 176.021 36.1988 175.804 36.2878C175.628 36.3558 175.452 36.4343 175.292 36.5337C175.168 36.6174 175.049 36.7169 174.946 36.8215H174.91V34.4302C174.91 34.043 174.594 33.7291 174.212 33.7291H173.142V41.1541C174.036 41.1593 174.837 41.6983 175.194 42.5145C175.323 42.8128 175.535 43.0587 175.809 43.2157C176.15 43.3674 176.522 43.4459 176.894 43.4459C177.085 43.4616 177.282 43.4616 177.468 43.4459C177.674 43.4302 177.881 43.3831 178.083 43.3203L178.119 43.2994C178.687 43.1215 179.204 42.818 179.638 42.4099C179.99 42.0698 180.269 41.6616 180.46 41.2169C180.656 40.7302 180.76 40.2122 180.744 39.6942C180.749 39.2023 180.662 38.7105 180.496 38.25H180.522V38.2395L180.527 38.2448Z" fill="#011A32"/>
        <path d="M133.287 33.7291L130.444 40.8767H129.804L130.734 38.5639L128.77 33.7291H129.447L131.08 37.8785L132.661 33.7291H133.292H133.287Z" fill="#17ACE4"/>
        <path d="M129.519 33.6087L131.07 37.5436L132.538 33.682L132.569 33.6035H133.457L130.548 40.9186L130.517 40.9919H129.618L130.594 38.5587L128.579 33.6035H129.514L129.519 33.6087ZM128.765 33.7291L130.729 38.5639L129.799 40.8767H130.439L133.282 33.7291H132.651L131.07 37.8785L129.437 33.7291H128.76H128.765Z" fill="#17ACE4"/>
        <path d="M124.016 34.807C124.176 34.4669 124.419 34.1948 124.744 33.9802C125.075 33.7657 125.468 33.661 125.917 33.661C126.367 33.661 126.749 33.7657 127.096 33.975C127.442 34.1791 127.711 34.4669 127.902 34.8488C128.103 35.2203 128.202 35.6599 128.202 36.157C128.202 36.6541 128.103 37.0936 127.902 37.4756C127.711 37.8576 127.437 38.1506 127.085 38.3546C126.739 38.564 126.351 38.6686 125.917 38.6686C125.463 38.6686 125.065 38.564 124.734 38.3546C124.408 38.1401 124.165 37.8628 124.016 37.5279V38.5953H123.411V32.0076H124.016V34.8122V34.807ZM127.581 36.1517C127.581 35.7488 127.504 35.4035 127.344 35.1105C127.194 34.8122 126.982 34.5872 126.713 34.4355C126.444 34.2837 126.14 34.2052 125.798 34.2052C125.457 34.2052 125.168 34.2837 124.894 34.4459C124.625 34.6081 124.413 34.8331 124.253 35.1314C124.093 35.4296 124.016 35.7698 124.016 36.1622C124.016 36.5546 124.093 36.9 124.253 37.193C124.413 37.4913 124.625 37.7163 124.894 37.8785C125.168 38.0407 125.473 38.1192 125.798 38.1192C126.124 38.1192 126.439 38.0407 126.713 37.889C126.982 37.7267 127.194 37.5017 127.344 37.2035C127.504 36.9 127.581 36.5494 127.581 36.1517Z" fill="#17ACE4"/>
        <path d="M128.202 36.1517C128.202 35.6546 128.103 35.2151 127.902 34.8436C127.711 34.4616 127.442 34.1738 127.096 33.9698C126.791 33.7866 126.455 33.6872 126.083 33.661H125.917C125.468 33.661 125.075 33.7605 124.739 33.975C124.413 34.1895 124.171 34.4669 124.01 34.8017V31.9971H123.406V38.5849H124.01V37.5174C124.16 37.8576 124.403 38.1296 124.729 38.3442C125.018 38.5273 125.359 38.6267 125.747 38.6529H125.917C126.351 38.6529 126.739 38.5535 127.085 38.3442C127.437 38.1349 127.711 37.8419 127.902 37.4651C128.078 37.1302 128.176 36.7535 128.196 36.3296V36.1465L128.202 36.1517ZM127.344 37.1983C127.194 37.4965 126.982 37.7215 126.713 37.8837L126.61 37.936C126.367 38.0564 126.098 38.1139 125.799 38.1139V37.9936C126.119 37.9936 126.403 37.9203 126.651 37.7791C126.899 37.6326 127.096 37.418 127.24 37.1407L127.344 37.1983ZM127.463 36.1517C127.463 35.7645 127.385 35.4401 127.24 35.168C127.101 34.8855 126.904 34.6814 126.656 34.5401C126.408 34.3988 126.124 34.3256 125.804 34.3256C125.499 34.3256 125.215 34.3988 124.961 34.5506C124.713 34.6971 124.512 34.9116 124.367 35.1889C124.217 35.4663 124.145 35.7907 124.145 36.1622C124.145 36.5337 124.222 36.8634 124.367 37.1355C124.517 37.4128 124.713 37.6273 124.961 37.7738C125.22 37.9256 125.499 37.9988 125.804 37.9988V38.1192C125.519 38.1192 125.251 38.0564 125.003 37.936L124.899 37.8785C124.662 37.7372 124.47 37.5436 124.32 37.3029L124.258 37.193C124.119 36.9314 124.041 36.6384 124.026 36.3035V36.157C124.026 35.8169 124.083 35.5081 124.202 35.236L124.258 35.1209C124.419 34.8227 124.631 34.5977 124.899 34.4355C125.173 34.2733 125.473 34.1948 125.804 34.1948C126.134 34.1948 126.45 34.2733 126.718 34.425C126.987 34.5767 127.199 34.807 127.349 35.1C127.509 35.393 127.587 35.7384 127.587 36.1413V36.2878C127.566 36.6227 127.488 36.9262 127.349 37.193L127.246 37.1355C127.395 36.8529 127.468 36.5233 127.468 36.1413L127.463 36.1517ZM124.134 34.3779C124.284 34.1843 124.465 34.0169 124.677 33.8756C125.034 33.6453 125.447 33.5355 125.917 33.5355C126.377 33.5355 126.791 33.6453 127.153 33.8651C127.519 34.0796 127.804 34.3884 128.005 34.786C128.217 35.1785 128.315 35.6389 128.315 36.1517C128.315 36.6645 128.212 37.125 128.005 37.5279C127.804 37.9256 127.514 38.2343 127.142 38.4541C126.775 38.6738 126.367 38.7837 125.912 38.7837C125.457 38.7837 125.018 38.6738 124.667 38.4541C124.455 38.3128 124.274 38.1506 124.129 37.957V38.7105H123.287V31.882H124.129V34.3779H124.134Z" fill="#17ACE4"/>
    </g>
</svg>
